0 0.000000
500 0.000000
500 0.000000
1000 0.000000
1000 0.000000
1500 0.000000
1500 0.000000
2000 0.000000
2000 0.000000
2500 0.000000
2500 0.000000
3000 0.000000
3000 0.000000
3500 0.000000
3500 0.000000
4000 0.000000
4000 0.000000
4500 0.000000
4500 0.000000
5000 -0.000005
5000 -0.000000
5500 -0.000011
5500 0.000005
6000 -0.000008
6000 0.000016
6500 -0.000019
6500 -0.000000
7000 -0.000019
7000 0.000008
7500 -0.000044
7500 0.000005
8000 0.000153
8000 -0.000003
8500 0.000052
8500 0.000000
9000 -0.000055
9000 0.000000
9500 -0.000030
9500 0.000000
10000 -0.000224
10000 0.000003
10500 0.001126
10500 0.000005
11000 -0.000003
11000 0.000251
11500 0.000071
11500 0.001025
12000 0.000361
12000 -0.002255
12500 0.001039
12500 -0.003193
13000 0.000970
13000 -0.002783
13500 0.001386
13500 -0.002181
14000 -0.000536
14000 0.006137
14500 0.020215
14500 0.011675
15000 0.025166
15000 -0.003144
15500 -0.032191
15500 0.012189
16000 -0.027013
16000 0.052548
16500 0.242211
16500 -0.002069
17000 -0.075868
17000 -0.003351
17500 -0.069127
17500 -0.057851
18000 -0.057742
18000 -0.007088
18500 -0.161200
18500 0.012982
19000 -0.166402
19000 0.000164
19500 -0.421073
19500 -0.000336
20000 -0.107832
20000 -0.000227
20500 -0.044664
20500 0.000224
21000 0.151925
21000 -0.000350
21500 0.000607
21500 -0.381572
22000 0.000888
22000 -0.197729
22500 0.011079
22500 -0.078572
23000 0.026226
23000 -0.221151
23500 -0.028104
23500 0.047267
24000 0.019119
24000 -0.069846
24500 0.158163
24500 -0.072826
25000 -0.077621
25000 -0.057329
25500 0.083643
25500 -0.102559
26000 -0.127077
26000 -0.054172
26500 -0.199422
26500 0.036669
27000 0.127695
27000 -0.007441
27500 0.185819
27500 -0.063808
28000 -0.116648
28000 -0.000421
28500 0.021049
28500 0.018017
29000 0.093549
29000 -0.009792
29500 0.098396
29500 0.000618
30000 0.054948
30000 -0.000301
30500 0.056359
30500 -0.001331
31000 0.075989
31000 0.000265
31500 -0.093817
31500 0.000443
32000 0.256753
32000 -0.000025
32500 -0.000552
32500 0.159853
33000 -0.001673
33000 0.135360
33500 -0.018586
33500 0.070937
34000 0.015218
34000 -0.015059
34500 0.030660
34500 0.014403
35000 0.010341
35000 -0.076699
35500 0.002228
35500 -0.115620
36000 0.001047
36000 0.126820
36500 0.024613
36500 -0.013794
37000 -0.164519
37000 0.126623
37500 0.212997
37500 0.026043
38000 0.271482
38000 0.005205
38500 0.094044
38500 0.019652
39000 -0.145455
39000 -0.035192
39500 0.034586
39500 0.004882
40000 -0.014589
40000 -0.003004
40500 -0.014056
40500 -0.000243
41000 -0.037992
41000 0.000498
41500 -0.113094
41500 -0.000216
42000 0.050490
42000 -0.000025
42500 0.166107
42500 -0.000148
43000 0.000074
43000 0.024824
43500 0.003196
43500 0.043481
44000 -0.009106
44000 -0.043393
44500 -0.012435
44500 -0.031792
45000 0.028022
45000 0.020849
45500 0.000159
45500 -0.043642
46000 0.021874
46000 -0.061399
46500 0.188312
46500 -0.156283
47000 -0.115724
47000 0.012359
47500 -0.116378
47500 -0.047453
48000 -0.238124
48000 -0.014559
48500 -0.180833
48500 0.007657
49000 0.145302
49000 -0.053997
49500 -0.105522
49500 -0.022757
50000 -0.130557
50000 0.028375
50500 0.058515
50500 -0.002690
51000 -0.071229
51000 -0.000716
51500 -0.246959
51500 0.000473
52000 -0.049596
52000 0.000314
52500 0.050722
52500 -0.000394
53000 -0.143071
53000 0.000413
53500 -0.000834
53500 0.168330
54000 0.000312
54000 0.022331
54500 0.010768
54500 0.010852
55000 -0.013250
55000 0.045427
55500 -0.015412
55500 0.201690
56000 0.102201
56000 -0.020193
56500 -0.063428
56500 0.065103
57000 -0.067752
57000 0.343214
57500 -0.048967
57500 -0.003245
58000 -0.012413
58000 -0.054338
58500 -0.039610
58500 0.064253
59000 -0.345131
59000 0.062225
59500 -0.038806
59500 -0.071333
60000 0.025928
60000 0.002181
60500 -0.346746
60500 0.022232
61000 -0.054672
61000 0.008884
61500 -0.173764
61500 -0.001318
62000 -0.304455
62000 0.000935
62500 0.091040
62500 -0.000120
63000 0.065393
63000 -0.000101
63500 -0.353337
63500 0.000235
64000 0.231735
64000 0.000850
64500 -0.001260
64500 -0.130018
65000 0.000489
65000 -0.053579
65500 0.011101
65500 0.167449
66000 0.015286
66000 -0.117170
66500 -0.009915
66500 -0.013971
67000 -0.076103
67000 -0.010297
67500 0.018895
67500 -0.080234
68000 0.093541
68000 0.180240
68500 0.127194
68500 -0.064882
69000 0.090859
69000 0.023348
69500 -0.112630
69500 0.046184
70000 -0.158808
70000 0.007020
70500 -0.047100
70500 0.051381
71000 0.104631
71000 -0.006224
71500 0.211925
71500 -0.013225
72000 0.065328
72000 -0.004554
72500 0.161211
72500 -0.000213
73000 0.176771
73000 0.000872
73500 0.001875
73500 0.000060
74000 0.081147
74000 0.000052
74500 0.016167
74500 -0.000672
75000 0.000227
75000 -0.231407
75500 -0.010090
75500 0.174357
76000 0.012001
76000 0.081355
76500 -0.013050
76500 -0.119860
77000 -0.049404
77000 0.024663
77500 -0.014682
77500 -0.211061
78000 0.028982
78000 0.051949
78500 0.070267
78500 0.054585
79000 0.162843
79000 -0.114953
79500 0.018963
79500 0.032948
80000 0.037480
80000 0.004284
80500 -0.015117
80500 0.011478
81000 0.125054
81000 -0.019698
81500 0.071730
81500 0.022577
82000 -0.171834
82000 -0.008217
82500 -0.153637
82500 0.005536
83000 -0.105771
83000 0.002326
83500 -0.093607
83500 0.000282
84000 0.098169
84000 -0.000481
84500 -0.175035
84500 -0.000541
85000 0.050208
85000 -0.000421
85500 0.000801
85500 0.114502
86000 -0.008739
86000 -0.155832
86500 0.003166
86500 0.130237
87000 -0.015062
87000 0.055599
87500 -0.032114
87500 -0.001126
88000 -0.101004
88000 0.084039
88500 0.015355
88500 -0.019264
89000 -0.038273
89000 0.123578
89500 0.114623
89500 0.002906
90000 0.093309
90000 0.000003
90500 -0.082574
90500 0.002775
91000 0.057140
91000 0.052321
91500 -0.085097
91500 0.030081
92000 0.024846
92000 -0.011478
92500 0.039659
92500 0.016484
93000 -0.102166
93000 -0.003335
93500 -0.099839
93500 0.002616
94000 -0.050580
94000 0.000098
94500 -0.016541
94500 0.000120
95000 -0.135477
95000 0.000161
95500 -0.145772
95500 -0.000653
96000 0.091699
96000 0.000968
96500 0.002985
96500 -0.191049
97000 -0.014887
97000 -0.014100
97500 0.015784
97500 0.273981
98000 0.037223
98000 -0.141650
98500 -0.056252
98500 0.041510
99000 0.016478
99000 0.159055
99500 0.107835
99500 0.062050
100000 0.028227
100000 0.026382
100500 -0.004106
100500 0.027743
101000 0.141166
101000 -0.009253
101500 -0.020409
101500 0.005404
102000 -0.011738
102000 0.014890
102500 -0.236273
102500 -0.013419
103000 -0.016352
103000 -0.013140
103500 -0.006167
103500 0.012536
104000 -0.023096
104000 0.002302
104500 0.177063
104500 -0.000074
105000 -0.034747
105000 -0.000295
105500 -0.090053
105500 -0.000038
106000 -0.010289
106000 -0.000396
106500 0.152587
106500 0.000339
107000 0.000191
107000 -0.086685
107500 0.023050
107500 -0.008351
108000 0.006823
108000 -0.026746
108500 0.037852
108500 -0.033891
109000 0.032615
109000 -0.085269
109500 -0.006552
109500 0.018938
110000 0.045968
110000 0.020658
110500 -0.061976
110500 0.161250
111000 0.012203
111000 0.111033
111500 -0.206772
111500 -0.071590
112000 0.035039
112000 -0.034870
112500 0.033681
112500 -0.014513
113000 -0.165211
113000 -0.026275
113500 0.019111
113500 -0.032636
114000 -0.000290
114000 -0.011126
114500 -0.099260
114500 -0.001154
115000 0.039394
115000 0.000787
115500 -0.125021
115500 -0.000109
116000 -0.149003
116000 0.000290
116500 0.181024
116500 0.000276
117000 -0.040452
117000 0.000257
117500 -0.001107
117500 -0.073165
118000 -0.000795
118000 -0.162532
118500 -0.010021
118500 -0.070729
119000 -0.055902
119000 -0.080740
119500 0.033189
119500 -0.277042
120000 0.073725
120000 -0.275194
120500 -0.134706
120500 -0.184469
121000 -0.070707
121000 -0.195439
121500 -0.134181
121500 0.067028
122000 0.036499
122000 0.096236
122500 -0.186522
122500 0.058997
123000 0.040209
123000 0.068023
123500 0.232203
123500 0.048005
124000 -0.076923
124000 0.086365
124500 -0.005533
124500 0.031464
125000 0.155777
125000 0.010893
125500 0.104987
125500 0.003874
126000 -0.077774
126000 -0.000104
126500 0.230530
126500 -0.000232
127000 0.014663
127000 -0.000366
127500 0.125806
127500 -0.000588
128000 0.324927
128000 0.000265
128500 0.003108
128500 0.064461
129000 0.003496
129000 -0.032000
129500 0.018137
129500 0.129493
130000 -0.052701
130000 0.109743
130500 0.034700
130500 0.010759
131000 -0.085537
131000 0.040323
131500 -0.021289
131500 0.073017
132000 0.101444
132000 0.028908
132500 0.045539
132500 -0.117386
133000 0.189110
133000 -0.041515
133500 0.072662
133500 -0.029271
134000 -0.078752
134000 -0.052575
134500 0.069215
134500 -0.144550
135000 -0.014045
135000 -0.023897
135500 -0.061367
135500 0.005639
136000 -0.231533
136000 -0.005541
136500 -0.047409
136500 -0.000208
137000 -0.003248
137000 0.000175
137500 -0.175136
137500 0.000325
138000 -0.115883
138000 -0.000131
138500 -0.271170
138500 -0.000246
139000 0.000836
139000 -0.178466
139500 0.011968
139500 -0.075425
140000 0.007047
140000 0.102753
140500 -0.041502
140500 -0.000596
141000 0.094421
141000 -0.055667
141500 0.132265
141500 -0.010254
142000 0.043205
142000 -0.066806
142500 -0.006438
142500 -0.020797
143000 -0.048718
143000 -0.106922
143500 -0.015062
143500 0.020918
144000 -0.031108
144000 -0.015357
144500 -0.122930
144500 -0.023307
145000 0.144859
145000 -0.037218
145500 -0.112613
145500 0.044227
146000 -0.110560
146000 -0.001695
146500 -0.129892
146500 -0.005388
147000 0.132656
147000 -0.001063
147500 -0.137937
147500 0.000585
148000 -0.034326
148000 -0.000008
148500 0.028656
148500 -0.000098
149000 -0.036737
149000 -0.000071
149500 0.000662
149500 0.004912
150000 0.003636
150000 0.145777
150500 -0.010513
150500 0.219503
151000 -0.020513
151000 -0.059128
151500 0.013233
151500 -0.057452
152000 -0.007897
152000 0.247096
152500 -0.016385
152500 0.184491
153000 -0.065697
153000 0.133851
153500 -0.006372
153500 0.018859
154000 0.118526
154000 0.081655
154500 -0.314402
154500 -0.043724
155000 -0.039968
155000 0.035646
155500 0.185691
155500 -0.009018
156000 -0.098940
156000 0.059756
156500 0.038689
156500 0.015109
157000 0.001468
157000 0.004773
157500 0.053097
157500 0.003100
158000 -0.057813
158000 -0.000153
158500 0.008925
158500 0.000508
159000 0.005109
159000 0.000090
159500 -0.093544
159500 -0.000416
160000 -0.054388
160000 0.000090
160500 0.000733
160500 0.085075
161000 -0.010500
161000 0.028320
161500 -0.002201
161500 -0.023998
162000 -0.007821
162000 -0.050402
162500 -0.080245
162500 0.104864
163000 0.009794
163000 0.104661
163500 0.023370
163500 0.091751
164000 0.060508
164000 0.091248
164500 -0.061178
164500 0.018947
165000 0.103038
165000 0.017484
165500 0.120191
165500 -0.048289
166000 0.093995
166000 -0.028175
166500 0.018362
166500 -0.013684
167000 -0.044839
167000 -0.007725
167500 -0.025283
167500 -0.020620
168000 -0.182123
168000 0.001350
168500 0.078687
168500 0.000823
169000 -0.116438
169000 0.000074
169500 -0.038443
169500 -0.000090
170000 -0.077148
170000 0.000719
170500 -0.253621
170500 0.000339
171000 0.001391
171000 -0.095944
171500 -0.006749
171500 0.068263
172000 -0.035269
172000 0.045618
172500 -0.050913
172500 -0.141215
173000 -0.020721
173000 -0.044533
173500 -0.040003
173500 0.217551
174000 -0.000446
174000 -0.092404
174500 -0.035567
174500 0.063701
175000 0.053754
175000 -0.048549
175500 0.022167
175500 -0.027041
176000 0.068712
176000 0.060866
176500 -0.020830
176500 -0.060218
177000 -0.108218
177000 0.069135
177500 -0.095826
177500 0.012241
178000 0.032352
178000 0.015992
178500 0.031390
178500 -0.006506
179000 -0.160971
179000 0.001113
179500 0.013321
179500 -0.000273
180000 -0.269609
180000 -0.000074
180500 -0.063143
180500 0.000022
181000 -0.027208
181000 0.000096
181500 0.000243
181500 0.057920
182000 -0.002504
182000 -0.109940
182500 0.004024
182500 -0.049634
183000 -0.000101
183000 0.120311
183500 -0.020166
183500 0.102455
184000 -0.069201
184000 -0.036655
184500 -0.019638
184500 0.190313
185000 -0.027418
185000 0.131527
185500 0.075434
185500 0.143339
186000 -0.122878
186000 -0.025461
186500 0.032062
186500 -0.084075
187000 0.182361
187000 0.042404
187500 0.024192
187500 -0.032677
188000 0.214137
188000 -0.018627
188500 -0.027065
188500 0.025127
189000 0.096698
189000 0.012777
189500 -0.057761
189500 -0.004043
190000 0.005372
190000 0.000544
190500 0.288173
190500 0.000197
191000 -0.112315
191000 0.000235
191500 0.028818
191500 0.000462
192000 -0.220109
192000 0.000137
192500 0.000361
192500 0.097056
193000 0.004912
193000 -0.066831
193500 -0.000232
193500 -0.211351
194000 0.050648
194000 -0.126601
194500 0.030138
194500 -0.012452
195000 -0.019931
195000 0.185076
195500 0.020751
195500 -0.007047
196000 0.073285
196000 0.125420
196500 0.006082
196500 0.060290
197000 0.009434
197000 0.024578
197500 -0.017375
197500 -0.033692
198000 0.132197
198000 -0.049467
198500 -0.201546
198500 -0.043363
199000 -0.157215
199000 -0.023334
199500 0.029031
199500 -0.001542
200000 0.128862
200000 0.004357
200500 0.012930
200500 -0.000839
201000 -0.087642
201000 -0.001055
201500 -0.192888
201500 0.000333
202000 0.110224
202000 -0.000107
202500 0.071418
202500 0.000686
203000 -0.001555
203000 0.023512
203500 0.004120
203500 -0.198003
204000 0.006640
204000 0.025827
204500 0.033282
204500 -0.111897
205000 -0.063182
205000 0.125095
205500 0.014228
205500 -0.200209
206000 0.021051
206000 -0.139840
206500 -0.058764
206500 -0.023968
207000 -0.007575
207000 0.020715
207500 -0.044593
207500 -0.065642
208000 -0.051274
208000 0.049281
208500 -0.177747
208500 -0.059942
209000 0.088793
209000 0.012711
209500 -0.122498
209500 0.023052
210000 -0.122186
210000 -0.031056
210500 -0.113283
210500 -0.005199
211000 -0.010697
211000 0.000320
211500 -0.090958
211500 -0.001263
212000 -0.125595
212000 0.000574
212500 0.012361
212500 0.000194
213000 0.218043
213000 -0.000118
213500 -0.000437
213500 0.166145
214000 0.002313
214000 -0.036961
214500 -0.002288
214500 0.361724
215000 -0.038883
215000 0.058895
215500 -0.066481
215500 0.090392
216000 -0.050211
216000 0.188474
216500 0.060773
216500 -0.026844
217000 -0.080043
217000 0.058756
217500 0.152270
217500 0.041100
218000 0.105419
218000 0.019359
218500 -0.052928
218500 -0.041403
219000 0.181768
219000 -0.006536
219500 -0.020327
219500 -0.002564
220000 0.005115
220000 0.066932
220500 -0.168207
220500 0.004366
221000 0.008485
221000 0.001509
221500 0.003942
221500 -0.000014
222000 0.233441
222000 0.000109
222500 0.113898
222500 0.000604
223000 -0.096958
223000 -0.000071
223500 0.032708
223500 0.000115
224000 0.410125
224000 0.000279
224500 -0.005940
224500 -0.003308
225000 0.001416
225000 0.044888
225500 -0.006367
225500 -0.214795
226000 0.039326
226000 -0.052570
226500 -0.079400
226500 0.076243
227000 0.091056
227000 -0.186858
227500 0.051550
227500 0.012922
228000 0.063332
228000 -0.107597
228500 0.013190
228500 0.019040
229000 -0.106714
229000 0.009557
229500 -0.095900
229500 -0.048316
230000 -0.087464
230000 -0.095572
230500 0.147352
230500 -0.089602
231000 0.161985
231000 -0.025305
231500 -0.063318
231500 0.014655
232000 -0.070705
232000 -0.003674
232500 -0.055566
232500 0.000079
233000 -0.030266
233000 -0.000588
233500 0.064691
233500 -0.000396
234000 0.060839
234000 -0.000407
234500 0.061790
234500 -0.000446
235000 -0.001389
235000 0.163527
235500 -0.003972
235500 -0.072615
236000 -0.001821
236000 0.115721
236500 0.038128
236500 0.073701
237000 0.079996
237000 -0.121908
237500 0.055864
237500 -0.015497
238000 -0.007966
238000 0.113474
238500 -0.015994
238500 -0.107977
239000 -0.097691
239000 0.174409
239500 0.056083
239500 -0.051028
240000 0.189687
240000 0.105460
240500 -0.003898
240500 -0.131073
241000 -0.087494
241000 -0.012457
241500 -0.040687
241500 -0.042800
242000 0.068632
242000 0.018750
242500 0.205422
242500 -0.008362
243000 0.067834
243000 0.001017
243500 -0.033489
243500 0.000984
244000 -0.163218
244000 0.000169
244500 0.097229
244500 0.000164
245000 -0.070264
245000 -0.000071
245500 -0.000708
245500 0.180218
246000 0.004754
246000 -0.187148
246500 -0.010142
246500 0.237020
247000 -0.040537
247000 -0.068971
247500 -0.015486
247500 0.194422
248000 0.036904
248000 0.082618
248500 0.107242
248500 -0.129231
249000 0.079037
249000 -0.246016
249500 0.193924
249500 0.126503
250000 0.141322
250000 0.102152
250500 0.151701
250500 0.086308
251000 -0.069674
251000 -0.017602
251500 0.247290
251500 -0.085720
252000 -0.226457
252000 -0.016385
252500 -0.108729
252500 -0.014923
253000 -0.124696
253000 -0.006498
253500 -0.020174
253500 0.000432
254000 -0.053680
254000 -0.000555
254500 0.133080
254500 -0.001249
255000 0.124846
255000 -0.000033
255500 0.264115
255500 0.000703
256000 -0.134816
256000 -0.000514
256500 0.001118
256500 0.106911
257000 0.007058
257000 -0.304720
257500 -0.031475
257500 0.197738
258000 0.064857
258000 -0.232345
258500 0.025319
258500 0.154670
259000 0.059070
259000 -0.087877
259500 -0.022845
259500 0.280579
260000 -0.049290
260000 0.018452
260500 0.023137
260500 -0.061889
261000 0.005290
261000 0.019922
261500 0.214582
261500 -0.005136
262000 -0.119732
262000 -0.041914
262500 0.090605
262500 0.021161
263000 -0.094588
263000 -0.066503
263500 0.296992
263500 0.015013
264000 -0.030789
264000 -0.008329
264500 0.064215
264500 0.000437
265000 -0.067372
265000 -0.000765
265500 -0.204818
265500 0.000413
266000 -0.110768
266000 0.000221
266500 0.060978
266500 0.000604
267000 -0.002671
267000 -0.164289
267500 -0.014431
267500 0.190729
268000 -0.012952
268000 -0.226153
268500 -0.020548
268500 0.127799
269000 -0.012170
269000 -0.071292
269500 -0.077361
269500 0.044612
270000 -0.003999
270000 0.002843
270500 -0.141313
270500 -0.033850
271000 -0.063928
271000 -0.038585
271500 0.056605
271500 -0.036226
272000 -0.156058
272000 -0.076133
272500 -0.149044
272500 0.035862
273000 -0.274041
273000 0.103188
273500 0.158787
273500 -0.027432
274000 0.039454
274000 0.014149
274500 0.151430
274500 -0.009997
275000 0.073867
275000 0.002086
275500 0.141920
275500 0.000432
276000 -0.093842
276000 0.000005
276500 -0.112616
276500 -0.000268
277000 0.008111
277000 -0.000243
277500 0.000946
277500 -0.003543
278000 -0.006394
278000 0.308006
278500 -0.021697
278500 -0.214935
279000 -0.018233
279000 -0.025026
279500 0.031794
279500 -0.064409
280000 0.002723
280000 0.300034
280500 0.023214
280500 0.229294
281000 -0.065708
281000 0.076396
281500 -0.089832
281500 -0.206168
282000 0.062578
282000 0.128958
282500 0.077353
282500 -0.016560
283000 0.303378
283000 -0.096370
283500 -0.146762
283500 0.023717
284000 -0.032418
284000 -0.027642
284500 -0.085570
284500 -0.002578
285000 0.314799
285000 -0.000558
285500 -0.131218
285500 -0.001113
286000 0.089949
286000 -0.000637
286500 0.181790
286500 -0.000219
287000 0.020767
287000 0.000364
287500 0.120702
287500 -0.000358
288000 -0.301136
288000 0.000246
288500 0.002589
288500 -0.075661
289000 0.003658
289000 -0.036849
289500 0.019679
289500 -0.087030
290000 0.066547
290000 -0.143424
290500 -0.004767
290500 0.025685
291000 0.138205
291000 -0.147355
291500 0.032579
291500 0.233783
292000 0.007714
292000 -0.060705
292500 -0.119360
292500 0.103029
293000 -0.124278
293000 0.055902
293500 -0.153801
293500 -0.070111
294000 -0.067435
294000 -0.063857
294500 0.109462
294500 -0.034293
295000 -0.045596
295000 0.034055
295500 -0.092068
295500 -0.005147
296000 -0.045118
296000 0.006388
296500 -0.219967
296500 -0.000325
297000 0.100867
297000 -0.000435
297500 0.021694
297500 -0.000016
298000 -0.019739
298000 0.000519
298500 -0.154246
298500 0.000137
299000 -0.000235
299000 -0.114325
299500 0.000555
299500 -0.129933
300000 0.004844
300000 -0.028429
300500 0.000656
300500 -0.199167
301000 -0.066243
301000 0.087322
301500 -0.047734
301500 0.035253
302000 -0.045017
302000 -0.149328
302500 -0.049661
302500 -0.102447
303000 0.036204
303000 0.107890
303500 0.284868
303500 0.014182
304000 0.106550
304000 -0.008269
304500 0.043303
304500 0.091308
305000 0.015297
305000 0.107092
305500 -0.163270
305500 0.030972
306000 -0.026038
306000 0.009045
306500 0.090037
306500 0.001777
307000 -0.010243
307000 0.001616
307500 0.112307
307500 -0.000262
308000 0.289565
308000 0.000454
308500 -0.055033
308500 0.000547
309000 -0.006293
309000 0.000519
309500 -0.000312
309500 0.489194
310000 -0.002206
310000 0.151715
310500 -0.016284
310500 0.358528
311000 0.097680
311000 0.612512
311500 -0.103133
311500 0.208729
312000 0.083285
312000 0.085942
312500 -0.010112
312500 -0.172580
313000 -0.034124
313000 0.082320
313500 0.188047
313500 0.012591
314000 -0.199132
314000 0.097365
314500 0.001402
314500 0.051925
315000 0.021374
315000 -0.033899
315500 -0.173329
315500 -0.032708
316000 0.122424
316000 0.060407
316500 0.174923
316500 -0.035559
317000 -0.186713
317000 -0.001055
317500 -0.078118
317500 0.001927
318000 -0.346836
318000 -0.001550
318500 0.247579
318500 0.000596
319000 -0.402296
319000 0.000924
319500 0.340473
319500 -0.000686
320000 -0.416032
320000 0.000473
320500 -0.002600
320500 0.307492
321000 -0.042562
321000 0.000025
321500 -0.020986
321500 0.282168
322000 0.060164
322000 0.104104
322500 -0.019660
322500 -0.402069
323000 -0.027995
323000 -0.147956
323500 0.094744
323500 -0.342744
324000 0.039766
324000 0.050905
324500 -0.181574
324500 0.115817
325000 -0.025125
325000 0.035321
325500 -0.281810
325500 -0.067944
326000 -0.013441
326000 -0.093027
326500 -0.157018
326500 -0.013493
327000 0.150657
327000 -0.022432
327500 0.156690
327500 0.021467
328000 0.008510
328000 0.001124
328500 0.204861
328500 0.001580
329000 -0.206078
329000 0.000355
329500 -0.147874
329500 0.000560
330000 -0.255827
330000 -0.000380
330500 0.219943
330500 0.000749
331000 -0.000697
331000 0.058217
331500 -0.007531
331500 -0.135390
332000 -0.037978
332000 -0.138219
332500 0.005937
332500 0.076035
333000 0.051427
333000 0.048141
333500 0.071538
333500 -0.202273
334000 0.015888
334000 0.107072
334500 0.082434
334500 0.283685
335000 0.036515
335000 0.182367
335500 0.257286
335500 0.033528
336000 0.198099
336000 0.040952
336500 -0.037735
336500 0.049410
337000 -0.187738
337000 -0.022205
337500 -0.006577
337500 -0.027142
338000 0.018321
338000 -0.053327
338500 0.002668
338500 -0.013750
339000 0.008469
339000 0.002444
339500 0.348291
339500 0.000446
340000 -0.557299
340000 -0.000539
340500 0.000640
340500 0.000003
341000 0.266182
341000 -0.000478
341500 0.000372
341500 -0.049566
342000 -0.002818
342000 -0.245149
342500 0.002520
342500 0.385711
343000 -0.026718
343000 0.206690
343500 -0.010626
343500 -0.044476
344000 0.083019
344000 0.098686
344500 0.003619
344500 -0.372617
345000 0.049117
345000 -0.082831
345500 0.236667
345500 -0.007922
346000 -0.388032
346000 -0.307954
346500 0.133785
346500 -0.044839
347000 -0.212469
347000 -0.065694
347500 0.315315
347500 0.003403
348000 -0.074862
348000 0.038566
348500 -0.001651
348500 0.034145
349000 0.629854
349000 -0.005973
349500 0.325615
349500 -0.003797
350000 -0.115038
350000 0.000109
350500 0.005022
350500 -0.000517
351000 -0.273888
351000 -0.000268
351500 0.088150
351500 -0.000219
352000 -0.142216
352000 0.000156
352500 0.005123
352500 0.027328
353000 0.006271
353000 0.127443
353500 0.023575
353500 -0.228510
354000 -0.001534
354000 0.200985
354500 -0.042704
354500 0.103847
355000 -0.076647
355000 0.174688
355500 -0.039358
355500 -0.165607
356000 0.157731
356000 -0.002687
356500 -0.185051
356500 0.012774
357000 0.001629
357000 0.019291
357500 -0.012061
357500 -0.073851
358000 0.243539
358000 -0.093298
358500 0.278089
358500 -0.080726
359000 0.144982
359000 -0.002578
359500 -0.096545
359500 0.021727
360000 -0.313366
360000 -0.001840
360500 -0.160306
360500 0.000648
361000 -0.082708
361000 0.000615
361500 -0.153571
361500 0.000131
362000 -0.188938
362000 -0.001102
362500 -0.073826
362500 -0.000470
363000 0.001233
363000 0.222108
363500 -0.013796
363500 0.251740
364000 -0.015355
364000 0.158273
364500 -0.081844
364500 -0.122810
365000 -0.022968
365000 -0.190152
365500 0.043254
365500 -0.028651
366000 0.063791
366000 0.009524
366500 0.013602
366500 0.012009
367000 -0.078342
367000 -0.107994
367500 0.149323
367500 -0.033708
368000 0.214962
368000 -0.051258
368500 -0.080652
368500 0.059579
369000 0.040274
369000 0.048866
369500 -0.318344
369500 0.021833
370000 -0.281995
370000 0.019031
370500 -0.212803
370500 -0.012651
371000 0.116569
371000 0.000344
371500 -0.013649
371500 0.001435
372000 0.035619
372000 0.000025
372500 0.070303
372500 -0.000350
373000 0.259249
373000 0.000571
373500 0.000003
373500 0.215542
374000 -0.003529
374000 -0.058327
374500 0.014565
374500 -0.012006
375000 0.000727
375000 -0.013285
375500 0.095889
375500 -0.076404
376000 0.152808
376000 0.106927
376500 0.188009
376500 -0.378125
377000 0.117990
377000 0.154656
377500 0.013553
377500 0.005527
378000 0.023107
378000 0.036261
378500 0.231801
378500 0.083030
379000 -0.025524
379000 -0.008581
379500 0.194097
379500 0.066336
380000 -0.266726
380000 0.014269
380500 -0.224901
380500 0.008168
381000 0.021576
381000 -0.005150
381500 0.106706
381500 -0.004401
382000 0.050175
382000 0.000560
382500 -0.095345
382500 0.000856
383000 0.082992
383000 -0.000014
383500 0.160369
383500 0.000057
384000 0.194758
384000 0.000470
384500 -0.003699
384500 0.034706
385000 0.003966
385000 -0.083823
385500 0.014884
385500 -0.249753
386000 0.066033
386000 -0.198446
386500 0.021617
386500 -0.019567
387000 0.009384
387000 0.126041
387500 0.043497
387500 -0.268172
388000 -0.022697
388000 -0.328540
388500 0.087497
388500 0.060221
389000 0.119969
389000 0.045760
389500 0.282632
389500 -0.009026
390000 -0.149060
390000 0.070931
390500 -0.008362
390500 0.041581
391000 -0.202453
391000 0.025876
391500 -0.027877
391500 0.010128
392000 0.215348
392000 0.006697
392500 -0.171367
392500 0.001088
393000 -0.057879
393000 -0.000705
393500 -0.204153
393500 0.000093
394000 0.098522
394000 0.000667
394500 0.009505
394500 -0.000555
395000 -0.000044
395000 -0.771288
395500 0.007539
395500 0.344330
396000 -0.020289
396000 0.174595
396500 0.017891
396500 0.229953
397000 -0.077820
397000 -0.231375
397500 -0.073799
397500 0.121517
398000 0.012750
398000 0.067941
398500 -0.023774
398500 0.003272
399000 0.046171
399000 0.039282
399500 0.111884
399500 0.027831
400000 0.166083
400000 0.056020
400500 0.269648
400500 0.017197
401000 0.298443
401000 0.039039
401500 0.221826
401500 0.047573
402000 0.213259
402000 0.020127
402500 -0.031529
402500 0.004139
403000 0.342575
403000 -0.000987
403500 0.080835
403500 0.000098
404000 -0.357495
404000 0.000634
404500 0.068679
404500 -0.000159
405000 0.105121
405000 -0.001238
405500 0.000339
405500 0.132711
406000 -0.001938
406000 0.185863
406500 0.002116
406500 0.102813
407000 0.004065
407000 -0.034894
407500 -0.103264
407500 0.121298
408000 -0.036144
408000 0.041748
408500 0.026267
408500 0.230847
409000 -0.097201
409000 -0.100714
409500 0.029198
409500 -0.118261
410000 -0.098024
410000 -0.056725
410500 -0.154547
410500 0.045216
411000 0.068274
411000 -0.122536
411500 0.017473
411500 -0.002654
412000 -0.091772
412000 -0.042630
412500 0.089873
412500 -0.032951
413000 -0.267704
413000 -0.003185
413500 0.153475
413500 0.004122
414000 -0.015978
414000 0.000604
414500 -0.201264
414500 0.000205
415000 -0.185070
415000 -0.000046
415500 0.073791
415500 -0.000355
416000 -0.057184
416000 -0.000317
416500 0.002455
416500 0.105009
417000 -0.006845
417000 -0.186388
417500 -0.017818
417500 -0.185026
418000 -0.056996
418000 -0.065043
418500 0.040859
418500 0.034509
419000 0.052794
419000 0.037623
419500 -0.013466
419500 0.287936
420000 0.012801
420000 0.025928
420500 -0.105826
420500 0.017320
421000 0.001635
421000 0.016467
421500 -0.058182
421500 0.073558
422000 0.100640
422000 0.075570
422500 -0.018288
422500 -0.043021
423000 -0.128466
423000 0.036267
423500 -0.005024
423500 0.002427
424000 -0.015844
424000 -0.005508
424500 0.086931
424500 0.001036
425000 0.145028
425000 0.000558
425500 0.081213
425500 -0.000049
426000 0.090061
426000 -0.000585
426500 0.185439
426500 0.000662
427000 -0.000845
427000 -0.313694
427500 -0.005191
427500 0.133624
428000 -0.015221
428000 -0.034066
428500 -0.000940
428500 0.158054
429000 -0.044372
429000 -0.346137
429500 0.037992
429500 -0.172250
430000 0.039952
430000 -0.371879
430500 0.076675
430500 0.058614
431000 0.250928
431000 0.064442
431500 0.195955
431500 -0.103344
432000 -0.026636
432000 0.030324
432500 -0.279333
432500 0.042573
433000 0.271701
433000 -0.000957
433500 -0.137320
433500 -0.002846
434000 0.183083
434000 -0.002490
434500 0.252754
434500 0.012826
435000 0.118780
435000 -0.001985
435500 0.099440
435500 -0.000139
436000 -0.168220
436000 -0.000085
436500 0.014021
436500 0.000241
437000 0.078547
437000 0.000265
437500 -0.000451
437500 -0.017867
438000 0.002698
438000 0.060358
438500 -0.010043
438500 0.104574
439000 0.005380
439000 0.135237
439500 -0.019805
439500 -0.062255
440000 -0.085450
440000 -0.169327
440500 0.012883
440500 0.274199
441000 0.195143
441000 0.272280
441500 -0.044134
441500 -0.098049
442000 -0.284374
442000 -0.025444
442500 0.359455
442500 -0.060820
443000 -0.185029
443000 -0.018848
443500 0.047190
443500 -0.104451
444000 0.318653
444000 0.063461
444500 0.005743
444500 0.000735
445000 -0.099801
445000 0.007854
445500 -0.162152
445500 -0.001186
446000 -0.080215
446000 0.000205
446500 -0.044558
446500 -0.000416
447000 0.005732
447000 -0.000115
447500 0.145870
447500 -0.000664
448000 -0.051050
448000 0.000241
448500 -0.001167
448500 0.014198
449000 0.000659
449000 -0.118983
449500 -0.009270
449500 0.145742
450000 0.019135
450000 -0.150220
450500 0.024832
450500 0.074625
451000 -0.097808
451000 -0.176227
451500 0.003466
451500 -0.238553
452000 0.014529
452000 -0.047789
452500 -0.207026
452500 -0.172247
453000 -0.052351
453000 0.069966
453500 -0.080075
453500 -0.040187
454000 -0.014398
454000 -0.024518
454500 -0.093030
454500 -0.075707
455000 0.063064
455000 -0.004068
455500 0.175139
455500 -0.006837
456000 0.140217
456000 -0.003026
456500 0.006561
456500 -0.001003
457000 -0.138468
457000 0.000544
457500 0.041406
457500 0.000224
458000 -0.114748
458000 0.000700
458500 -0.104864
458500 0.001826
459000 -0.005858
459000 -0.285628
459500 0.005341
459500 0.516292
460000 0.034334
460000 -0.435195
460500 -0.044476
460500 0.094175
461000 0.065708
461000 0.114726
461500 -0.085176
461500 -0.116870
462000 -0.017662
462000 -0.227293
462500 -0.049265
462500 -0.111124
463000 0.227952
463000 0.153032
463500 -0.032396
463500 0.087043
464000 0.214033
464000 0.012914
464500 0.315261
464500 0.093913
465000 -0.096417
465000 -0.065727
465500 -0.032325
465500 -0.012315
466000 0.111482
466000 -0.008748
466500 0.239977
466500 -0.010576
467000 -0.285396
467000 -0.000754
467500 0.023596
467500 -0.000066
468000 0.121867
468000 -0.000694
468500 -0.845070
468500 0.000399
469000 0.686008
469000 -0.000467
469500 -0.000935
469500 0.336134
470000 0.003398
470000 -0.343499
470500 -0.027216
470500 0.010297
471000 0.009882
471000 0.067066
471500 -0.039271
471500 -0.388472
472000 -0.042896
472000 0.478022
472500 -0.037691
472500 -0.317100
473000 0.036898
473000 -0.084233
473500 0.138908
473500 0.178160
474000 -0.022128
474000 -0.023982
474500 0.275880
474500 0.039886
475000 0.226544
475000 0.073556
475500 -0.142112
475500 -0.044227
476000 0.301429
476000 0.019392
476500 0.018342
476500 0.012487
477000 -0.113220
477000 0.009220
477500 -0.251437
477500 -0.001227
478000 -0.165298
478000 -0.000052
478500 -0.090037
478500 0.000005
479000 0.053786
479000 -0.000303
479500 -0.126303
479500 -0.000495
480000 0.283338
480000 0.000137
480500 -0.004294
480500 -0.161036
481000 -0.016134
481000 -0.121022
481500 -0.019646
481500 0.048680
482000 -0.055511
482000 -0.039208
482500 -0.068135
482500 -0.036064
483000 -0.061427
483000 0.059582
483500 0.010306
483500 -0.010984
484000 -0.093374
484000 0.035550
484500 0.097652
484500 0.035780
485000 -0.062493
485000 -0.021467
485500 0.154366
485500 0.007405
486000 -0.092398
486000 0.046865
486500 0.167094
486500 -0.015136
487000 -0.142442
487000 0.011645
487500 0.174551
487500 0.003308
488000 0.147513
488000 0.004382
488500 0.120609
488500 -0.000448
489000 -0.058734
489000 -0.000068
489500 0.089545
489500 -0.000011
490000 -0.024220
490000 -0.000055
490500 -0.005259
490500 0.000927
491000 -0.000429
491000 0.089788
491500 0.006916
491500 0.233050
492000 -0.008318
492000 0.232881
492500 0.038358
492500 0.241986
493000 -0.000295
493000 -0.249528
493500 0.081981
493500 -0.107395
494000 0.015368
494000 0.111471
494500 0.055481
494500 0.031171
495000 0.050957
495000 -0.015483
495500 -0.020584
495500 0.076727
496000 0.091909
496000 -0.050090
496500 0.024982
496500 -0.003824
497000 -0.011506
497000 -0.013952
497500 -0.138432
497500 -0.053199
498000 0.104913
498000 -0.020543
498500 -0.006153
498500 -0.004303
499000 -0.029662
499000 -0.000875
499500 0.149380
499500 -0.000440
500000 -0.013515
500000 0.000101
500500 0.068078
500500 0.000150
501000 0.054246
501000 0.000631
501500 -0.000112
501500 -0.173359
502000 0.000607
502000 0.035083
502500 0.005432
502500 -0.089862
503000 -0.003778
503000 0.045416
503500 -0.011418
503500 -0.007116
504000 0.061503
504000 -0.069794
504500 0.005801
504500 -0.004568
505000 -0.072405
505000 -0.151113
505500 -0.018761
505500 0.090009
506000 0.007058
506000 -0.078110
506500 0.198071
506500 -0.041206
507000 0.059819
507000 0.044170
507500 0.236161
507500 0.009106
508000 0.095028
508000 -0.005106
508500 -0.079988
508500 0.012506
509000 0.110580
509000 -0.006093
509500 0.172938
509500 0.000924
510000 -0.077541
510000 0.000224
510500 0.073094
510500 0.000380
511000 -0.269847
511000 0.000298
511500 -0.008477
511500 -0.000033
512000 0.034298
512000 0.000437
512500 -0.002969
512500 -0.029881
513000 0.004335
513000 0.029394
513500 0.015204
513500 0.039090
514000 -0.038076
514000 -0.034741
514500 -0.198030
514500 0.072380
515000 0.064609
515000 0.472762
515500 0.100714
515500 0.316698
516000 0.171643
516000 0.245286
516500 0.000957
516500 -0.030693
517000 0.377297
517000 -0.118903
517500 -0.001747
517500 -0.134586
518000 0.449524
518000 -0.038738
518500 0.536002
518500 -0.113786
519000 0.290951
519000 -0.045487
519500 0.049434
519500 -0.015795
520000 0.320096
520000 -0.010194
520500 -0.002504
520500 -0.000621
521000 -0.106381
521000 0.001025
521500 -0.291074
521500 0.000139
522000 0.092286
522000 -0.000287
522500 -0.084572
522500 -0.000377
523000 0.000662
523000 -0.030701
523500 -0.006517
523500 -0.084681
524000 0.011079
524000 -0.092740
524500 -0.024477
524500 -0.216015
525000 0.004631
525000 -0.012219
525500 0.039686
525500 -0.046214
526000 -0.079870
526000 -0.341875
526500 0.140567
526500 -0.100875
527000 0.187815
527000 -0.162020
527500 0.086439
527500 -0.118389
528000 -0.083894
528000 0.011033
528500 0.241907
528500 0.085277
529000 0.089479
529000 -0.009896
529500 0.001698
529500 0.125467
530000 -0.257120
530000 -0.001460
530500 0.165694
530500 0.004808
531000 -0.209738
531000 0.001558
531500 -0.079591
531500 0.000965
532000 0.141759
532000 -0.000503
532500 0.043743
532500 -0.000309
533000 -0.067490
533000 0.000489
533500 0.000323
533500 0.234395
534000 -0.001531
534000 0.024638
534500 -0.035023
534500 -0.156001
535000 -0.000558
535000 0.018430
535500 -0.012719
535500 -0.114461
536000 0.008764
536000 0.125923
536500 0.027929
536500 0.020644
537000 0.008879
537000 0.249600
537500 -0.049377
537500 -0.070038
538000 -0.061487
538000 -0.038998
538500 -0.073881
538500 -0.002468
539000 0.012859
539000 0.005913
539500 0.219874
539500 -0.023509
540000 0.078832
540000 0.003513
540500 0.109311
540500 -0.039632
541000 -0.098328
541000 -0.000705
541500 0.145887
541500 -0.003365
542000 0.235407
542000 0.000219
542500 0.106375
542500 0.000407
543000 0.072408
543000 -0.000189
543500 -0.066235
543500 0.000364
544000 -0.025436
544000 -0.000314
544500 0.003198
544500 -0.182911
545000 0.003909
545000 0.052165
545500 -0.026196
545500 -0.165949
546000 0.000235
546000 0.178827
546500 0.042795
546500 0.052247
547000 -0.064841
547000 -0.177482
547500 0.000558
547500 0.089405
548000 -0.070765
548000 -0.041972
548500 0.033511
548500 0.000107
549000 0.022178
549000 0.023271
549500 0.049229
549500 0.049087
550000 0.146168
550000 -0.038287
550500 0.151534
550500 0.040217
551000 0.048631
551000 -0.002939
551500 0.050872
551500 0.007886
552000 0.532407
552000 0.004303
552500 -0.128375
552500 -0.000629
553000 0.038855
553000 -0.000077
553500 0.126711
553500 -0.000429
554000 -0.140264
554000 -0.000569
554500 0.369219
554500 0.000333
555000 0.000131
555000 -0.128865
555500 0.026650
555500 -0.054123
556000 0.039725
556000 0.032024
556500 -0.009122
556500 0.052920
557000 -0.006711
557000 0.011757
557500 0.107887
557500 0.052149
558000 -0.037664
558000 0.060478
558500 0.028673
558500 0.140108
559000 -0.003764
559000 0.059169
559500 0.026182
559500 0.077462
560000 0.034394
560000 -0.006771
560500 -0.130393
560500 -0.083793
561000 0.095996
561000 0.071268
561500 -0.393556
561500 0.009393
562000 -0.773483
562000 -0.010656
562500 0.370386
562500 0.005311
563000 -0.192202
563000 -0.006178
563500 0.227239
563500 0.002179
564000 -0.141565
564000 -0.000394
564500 0.111452
564500 -0.000150
565000 0.387313
565000 0.000115
565500 0.000905
565500 0.088399
566000 -0.000686
566000 -0.062785
566500 0.012862
566500 -0.394275
567000 0.037166
567000 -0.114510
567500 0.010563
567500 0.278896
568000 0.003822
568000 0.124283
568500 -0.011730
568500 0.005000
569000 0.015445
569000 -0.151329
569500 -0.099312
569500 -0.077183
570000 0.079859
570000 0.082973
570500 -0.267663
570500 -0.045867
571000 -0.146012
571000 -0.012208
571500 0.052676
571500 -0.000629
572000 -0.044823
572000 -0.009065
572500 0.148850
572500 0.030018
573000 -0.039853
573000 0.003217
573500 -0.138457
573500 0.000323
574000 0.111156
574000 -0.000142
574500 0.100219
574500 -0.000495
575000 0.051993
575000 0.000082
575500 0.133022
575500 0.000167
576000 0.211395
576000 0.000536
576500 -0.000708
576500 0.065344
577000 -0.002121
577000 -0.056192
577500 0.001583
577500 0.226629
578000 0.015352
578000 -0.058841
578500 0.001987
578500 0.291224
579000 0.050044
579000 -0.118718
579500 0.034014
579500 0.202054
580000 0.111657
580000 0.107545
580500 0.263393
580500 -0.045446
581000 -0.152223
581000 0.023801
581500 0.165052
581500 0.031272
582000 0.073903
582000 0.053589
582500 0.317499
582500 -0.064111
583000 0.266646
583000 0.004426
583500 -0.014023
583500 -0.036422
584000 0.090452
584000 -0.000692
584500 0.237145
584500 -0.000763
585000 -0.574061
585000 0.000077
585500 0.202549
585500 -0.000257
586000 -0.290259
586000 -0.000115
586500 0.002367
586500 -0.000257
587000 0.002523
587000 0.120336
587500 0.000235
587500 0.300600
588000 0.039932
588000 -0.591608
588500 0.057739
588500 -0.004240
589000 -0.086844
589000 0.205936
589500 -0.049180
589500 -0.409236
590000 -0.060850
590000 0.390820
590500 0.036931
590500 0.194394
591000 -0.121180
591000 -0.017039
591500 0.203448
591500 -0.183397
592000 -0.073865
592000 -0.000205
592500 -0.206122
592500 -0.044221
593000 -0.016093
593000 -0.071470
593500 0.068567
593500 -0.002365
594000 -0.367194
594000 0.000066
594500 -0.075256
594500 -0.004852
595000 0.066476
595000 -0.000432
595500 0.075130
595500 0.000872
596000 -0.008950
596000 -0.000137
596500 -0.089750
596500 -0.000150
597000 -0.138635
597000 0.000391
597500 0.000284
597500 -0.157838
598000 -0.000946
598000 -0.371280
598500 0.020278
598500 -0.017629
599000 -0.011090
599000 -0.298739
599500 0.089411
599500 0.046534
600000 0.033186
600000 -0.128799
600500 -0.014830
600500 -0.201731
601000 -0.046173
601000 0.096231
601500 -0.038664
601500 -0.021418
602000 -0.101113
602000 0.002933
602500 0.112559
602500 0.024449
603000 0.130149
603000 -0.002589
603500 0.007381
603500 0.009486
604000 0.131924
604000 0.023350
604500 0.209066
604500 -0.007692
605000 -0.077692
605000 0.007643
605500 -0.135040
605500 0.001577
606000 0.096105
606000 0.000016
606500 -0.051608
606500 0.000659
607000 0.093421
607000 0.000082
607500 0.075248
607500 0.000418
608000 0.147193
608000 -0.000333
608500 -0.000642
608500 0.217461
609000 -0.015087
609000 0.029824
609500 -0.015068
609500 -0.053313
610000 -0.014627
610000 -0.307183
610500 -0.052857
610500 0.178097
611000 0.049448
611000 -0.083566
611500 0.078167
611500 0.264148
612000 -0.058893
612000 0.019734
612500 0.008955
612500 0.078982
613000 -0.157936
613000 0.004789
613500 0.074045
613500 -0.067758
614000 -0.015303
614000 0.017624
614500 0.057045
614500 0.031579
615000 0.030376
615000 0.030458
615500 0.068395
615500 0.009341
616000 -0.012154
616000 0.010631
616500 -0.158653
616500 -0.000839
617000 -0.027623
617000 -0.000027
617500 0.109041
617500 -0.000068
618000 0.041056
618000 0.000405
618500 -0.006052
618500 0.000396
619000 -0.000372
619000 -0.138167
619500 -0.008368
619500 -0.007982
620000 -0.000336
620000 0.221495
620500 -0.023482
620500 -0.011746
621000 0.035168
621000 -0.067022
621500 0.041283
621500 -0.123165
622000 -0.007862
622000 -0.079944
622500 0.016669
622500 0.051936
623000 0.022298
623000 0.038011
623500 -0.081926
623500 0.009158
624000 0.142388
624000 0.047710
624500 0.101862
624500 0.019406
625000 -0.003012
625000 -0.022025
625500 -0.116454
625500 0.015658
626000 -0.211534
626000 0.000700
626500 -0.039520
626500 -0.006552
627000 -0.124302
627000 -0.000853
627500 -0.212444
627500 0.000544
628000 0.090660
628000 -0.000137
628500 -0.300967
628500 0.000057
629000 -0.153175
629000 -0.000569
629500 -0.000519
629500 -0.091789
630000 -0.000995
630000 0.100976
630500 -0.006164
630500 0.164090
631000 0.012987
631000 0.160804
631500 -0.037852
631500 0.103817
632000 -0.092166
632000 0.057810
632500 -0.030679
632500 0.041786
633000 0.047010
633000 0.144225
633500 -0.005112
633500 -0.137568
634000 0.051468
634000 0.026808
634500 -0.157505
634500 -0.011402
635000 0.030037
635000 0.117829
635500 -0.571735
635500 -0.046665
636000 -0.328480
636000 0.011651
636500 -0.096157
636500 0.176604
637000 0.112162
637000 0.008463
637500 0.026994
637500 -0.001449
638000 -0.117012
638000 0.000752
638500 -0.189236
638500 -0.000347
639000 0.141100
639000 -0.000249
639500 -0.167127
639500 0.000626
640000 -0.106660
640000 -0.000183
640500 -0.001495
640500 -0.401104
641000 -0.004860
641000 0.018411
641500 0.006629
641500 0.188359
642000 0.053570
642000 -0.106378
642500 0.009226
642500 0.177564
643000 0.101889
643000 -0.004270
643500 0.063865
643500 -0.047305
644000 -0.013622
644000 -0.107731
644500 0.015926
644500 -0.008682
645000 -0.108499
645000 0.043585
645500 -0.020004
645500 -0.001337
646000 0.041819
646000 -0.074955
646500 0.309140
646500 -0.028533
647000 -0.196070
