0 -0.000351
1 -0.000384
2 -0.000407
3 -0.000422
4 -0.000429
5 -0.000430
6 -0.000425
7 -0.000416
8 -0.000402
9 -0.000385
10 -0.000366
11 -0.000344
12 -0.000321
13 -0.000297
14 -0.000272
15 -0.000247
16 -0.000223
17 -0.000198
18 -0.000174
19 -0.000152
20 -0.000130
21 -0.000110
22 -0.000090
23 -0.000073
24 -0.000057
25 -0.000043
26 -0.000030
27 -0.000019
28 -0.000010
29 -0.000003
30 0.000002
31 0.000005
32 0.000006
33 0.000004
34 0.000001
35 -0.000005
36 -0.000013
37 -0.000023
38 -0.000036
39 -0.000052
40 -0.000069
41 -0.000090
42 -0.000113
43 -0.000138
44 -0.000166
45 -0.000196
46 -0.000229
47 -0.000263
48 -0.000300
49 -0.000338
50 -0.000377
51 -0.000417
52 -0.000458
53 -0.000498
54 -0.000538
55 -0.000577
56 -0.000614
57 -0.000647
58 -0.000678
59 -0.000703
60 -0.000723
61 -0.000736
62 -0.000741
63 -0.000738
64 -0.000724
65 -0.000699
66 -0.000661
67 -0.000609
68 -0.000542
69 -0.000459
70 -0.000358
71 -0.000238
72 -0.000097
73 0.000065
74 0.000250
75 0.000458
76 0.000692
77 0.000950
78 0.001235
79 0.001548
80 0.001887
81 0.002255
82 0.002650
83 0.003074
84 0.003526
85 0.004006
86 0.004512
87 0.005045
88 0.005602
89 0.006184
90 0.006788
91 0.007413
92 0.008057
93 0.008716
94 0.009389
95 0.010073
96 0.010765
97 0.011461
98 0.012157
99 0.012850
100 0.013535
101 0.014208
102 0.014865
103 0.015499
104 0.016107
105 0.016682
106 0.017220
107 0.017714
108 0.018159
109 0.018549
110 0.018877
111 0.019139
112 0.019326
113 0.019434
114 0.019456
115 0.019387
116 0.019219
117 0.018948
118 0.018568
119 0.018074
120 0.017459
121 0.016720
122 0.015851
123 0.014848
124 0.013708
125 0.012427
126 0.011002
127 0.009430
128 0.007710
129 0.005840
130 0.003819
131 0.001647
132 -0.000675
133 -0.003147
134 -0.005767
135 -0.008531
136 -0.011438
137 -0.014482
138 -0.017659
139 -0.020963
140 -0.024389
141 -0.027928
142 -0.031574
143 -0.035316
144 -0.039147
145 -0.043055
146 -0.047029
147 -0.051059
148 -0.055131
149 -0.059233
150 -0.063351
151 -0.067470
152 -0.071576
153 -0.075653
154 -0.079686
155 -0.083658
156 -0.087553
157 -0.091353
158 -0.095042
159 -0.098603
160 -0.102017
161 -0.105268
162 -0.108337
163 -0.111208
164 -0.113863
165 -0.116285
166 -0.118457
167 -0.120364
168 -0.121990
169 -0.123319
170 -0.124336
171 -0.125028
172 -0.125382
173 -0.125386
174 -0.125028
175 -0.124297
176 -0.123185
177 -0.121684
178 -0.119786
179 -0.117487
180 -0.114781
181 -0.111666
182 -0.108140
183 -0.104202
184 -0.099856
185 -0.095102
186 -0.089946
187 -0.084393
188 -0.078450
189 -0.072128
190 -0.065436
191 -0.058387
192 -0.050993
193 -0.043271
194 -0.035236
195 -0.026907
196 -0.018304
197 -0.009446
198 -0.000357
199 0.008941
200 0.018424
201 0.028065
202 0.037839
203 0.047718
204 0.057673
205 0.067676
206 0.077698
207 0.087708
208 0.097675
209 0.107570
210 0.117361
211 0.127017
212 0.136508
213 0.145802
214 0.154869
215 0.163680
216 0.172204
217 0.180412
218 0.188278
219 0.195773
220 0.202872
221 0.209548
222 0.215780
223 0.221543
224 0.226818
225 0.231584
226 0.235823
227 0.239519
228 0.242658
229 0.245227
230 0.247216
231 0.248614
232 0.249416
233 0.249617
234 0.249214
235 0.248206
236 0.246594
237 0.244383
238 0.241577
239 0.238186
240 0.234217
241 0.229684
242 0.224599
243 0.218980
244 0.212842
245 0.206207
246 0.199094
247 0.191528
248 0.183532
249 0.175133
250 0.166358
251 0.157235
252 0.147796
253 0.138070
254 0.128090
255 0.117889
256 0.107500
257 0.096958
258 0.086296
259 0.075551
260 0.064756
261 0.053947
262 0.043160
263 0.032428
264 0.021787
265 0.011270
266 0.000912
267 -0.009257
268 -0.019203
269 -0.028896
270 -0.038307
271 -0.047406
272 -0.056168
273 -0.064566
274 -0.072576
275 -0.080175
276 -0.087344
277 -0.094063
278 -0.100314
279 -0.106083
280 -0.111356
281 -0.116122
282 -0.120372
283 -0.124097
284 -0.127294
285 -0.129959
286 -0.132090
287 -0.133690
288 -0.134761
289 -0.135307
290 -0.135337
291 -0.134859
292 -0.133884
293 -0.132424
294 -0.130495
295 -0.128111
296 -0.125292
297 -0.122056
298 -0.118424
299 -0.114418
300 -0.110060
301 -0.105377
302 -0.100392
303 -0.095132
304 -0.089625
305 -0.083897
306 -0.077977
307 -0.071894
308 -0.065676
309 -0.059353
310 -0.052953
311 -0.046507
312 -0.040042
313 -0.033587
314 -0.027171
315 -0.020820
316 -0.014563
317 -0.008424
318 -0.002430
319 0.003395
320 0.009028
321 0.014447
322 0.019629
323 0.024557
324 0.029210
325 0.033573
326 0.037629
327 0.041364
328 0.044766
329 0.047823
330 0.050526
331 0.052868
332 0.054842
333 0.056444
334 0.057670
335 0.058519
336 0.058992
337 0.059090
338 0.058816
339 0.058177
340 0.057177
341 0.055825
342 0.054131
343 0.052103
344 0.049755
345 0.047100
346 0.044150
347 0.040922
348 0.037432
349 0.033696
350 0.029732
351 0.025558
352 0.021195
353 0.016661
354 0.011977
355 0.007162
356 0.002238
357 -0.002774
358 -0.007853
359 -0.012979
360 -0.018131
361 -0.023288
362 -0.028428
363 -0.033534
364 -0.038584
365 -0.043559
366 -0.048442
367 -0.053213
368 -0.057856
369 -0.062354
370 -0.066692
371 -0.070854
372 -0.074827
373 -0.078598
374 -0.082155
375 -0.085487
376 -0.088584
377 -0.091437
378 -0.094039
379 -0.096382
380 -0.098463
381 -0.100275
382 -0.101816
383 -0.103084
384 -0.104077
385 -0.104796
386 -0.105241
387 -0.105415
388 -0.105321
389 -0.104962
390 -0.104343
391 -0.103471
392 -0.102351
393 -0.100992
394 -0.099402
395 -0.097588
396 -0.095561
397 -0.093332
398 -0.090910
399 -0.088306
400 -0.085533
401 -0.082602
402 -0.079525
403 -0.076315
404 -0.072985
405 -0.069547
406 -0.066015
407 -0.062401
408 -0.058718
409 -0.054979
410 -0.051198
411 -0.047386
412 -0.043555
413 -0.039719
414 -0.035889
415 -0.032076
416 -0.028292
417 -0.024547
418 -0.020851
419 -0.017215
420 -0.013647
421 -0.010157
422 -0.006753
423 -0.003441
424 -0.000231
425 0.002872
426 0.005863
427 0.008734
428 0.011483
429 0.014103
430 0.016593
431 0.018948
432 0.021166
433 0.023245
434 0.025185
435 0.026983
436 0.028641
437 0.030157
438 0.031533
439 0.032770
440 0.033869
441 0.034833
442 0.035664
443 0.036365
444 0.036939
445 0.037389
446 0.037720
447 0.037935
448 0.038038
449 0.038036
450 0.037931
451 0.037729
452 0.037436
453 0.037055
454 0.036593
455 0.036055
456 0.035446
457 0.034772
458 0.034038
459 0.033250
460 0.032412
461 0.031531
462 0.030610
463 0.029656
464 0.028674
465 0.027668
466 0.026642
467 0.025603
468 0.024553
469 0.023497
470 0.022440
471 0.021384
472 0.020334
473 0.019293
474 0.018264
475 0.017250
476 0.016255
477 0.015279
478 0.014327
479 0.013399
480 0.012498
481 0.011625
482 0.010782
483 0.009970
484 0.009191
485 0.008444
486 0.007730
487 0.007051
488 0.006405
489 0.005794
490 0.005217
491 0.004675
492 0.004165
493 0.003689
494 0.003246
495 0.002834
496 0.002453
497 0.002102
498 0.001781
499 0.001487
500 0.001220
501 0.000978
502 0.000761
503 0.000567
504 0.000395
505 0.000243
506 0.000111
507 -0.000004
508 -0.000101
509 -0.000184
510 -0.000252
511 -0.000307


